window.MATCH={"home":{"tri":"ARG","name":"ARGENTINA","ink":"#2049AA"},"away":{"tri":"CPV","name":"CABO VERDE","ink":"#C8504D"},"score":[3,2],"durationMin":123.1,"belief":[[0.0,85.8,10.2,4.0],[2.19,84.2,11.5,4.3],[2.91,84.2,11.6,4.2],[3.69,83.7,12.0,4.3],[4.39,83.7,12.1,4.3],[5.41,83.5,12.2,4.3],[6.29,83.5,12.3,4.2],[7.31,83.3,12.4,4.3],[8.18,83.1,12.5,4.3],[8.91,82.8,12.8,4.3],[9.86,82.8,12.8,4.4],[10.7,82.6,12.9,4.4],[11.54,82.6,13.1,4.3],[12.39,82.6,13.2,4.3],[13.16,82.3,13.4,4.3],[13.95,82.0,13.6,4.3],[14.66,82.4,13.3,4.2],[15.49,82.0,13.7,4.3],[16.19,82.0,13.8,4.2],[16.97,82.3,13.6,4.1],[17.68,82.2,13.6,4.1],[18.41,82.0,13.9,4.1],[19.37,81.8,13.9,4.2],[20.22,82.1,13.9,4.0],[21.0,81.5,14.3,4.2],[21.9,81.5,14.4,4.1],[22.86,81.0,14.8,4.1],[23.76,81.0,15.0,4.0],[24.97,80.9,14.9,4.2],[25.91,80.6,15.3,4.1],[26.75,80.8,15.2,3.9],[27.94,80.8,15.2,4.0],[28.0,96.0,3.4,0.7],[29.9,95.4,3.9,0.7],[30.96,95.2,4.1,0.7],[31.97,95.0,4.0,0.9],[32.94,94.7,4.3,1.0],[34.04,95.1,4.0,0.8],[35.25,94.7,4.4,0.9],[36.3,94.6,4.3,1.1],[37.06,94.6,4.4,1.0],[38.06,94.3,4.6,1.0],[38.93,94.4,4.6,1.0],[40.09,94.2,4.7,1.1],[40.91,94.0,4.9,1.1],[42.03,94.6,4.5,0.9],[43.08,94.8,4.4,0.8],[43.45,94.2,4.7,1.1],[44.46,93.9,4.9,1.2],[45.0,94.6,4.6,0.8],[45.0,93.7,5.0,1.3],[45.0,94.9,4.4,0.7],[45.0,94.1,4.9,1.0],[45.0,94.8,4.4,0.7],[45.02,94.1,4.9,1.1],[46.24,94.5,4.4,1.1],[47.21,94.3,4.7,1.0],[47.96,94.3,4.6,1.0],[48.89,93.7,5.1,1.1],[49.7,94.1,4.9,1.1],[50.47,94.3,4.7,1.0],[51.33,93.9,5.0,1.1],[52.23,93.8,5.1,1.1],[53.08,93.5,5.3,1.2],[53.83,93.6,5.2,1.1],[54.99,93.8,5.1,1.1],[55.98,93.8,5.2,1.1],[56.84,93.9,5.1,1.1],[57.6,94.0,5.0,1.0],[58.33,93.2,5.7,1.0],[58.68,62.2,32.3,5.5],[58.68,62.0,33.0,5.0],[58.68,62.7,32.7,4.7],[58.68,62.8,33.3,3.9],[60.73,63.3,32.9,3.8],[61.11,62.1,33.2,4.6],[61.54,62.7,33.4,3.9],[62.18,61.9,34.0,4.1],[62.27,62.9,33.4,3.8],[63.08,62.5,33.4,4.1],[63.68,63.1,33.4,3.5],[64.4,62.7,33.8,3.5],[65.17,62.1,34.3,3.6],[65.59,61.2,35.0,3.8],[66.08,60.5,35.5,4.0],[66.66,59.8,36.0,4.1],[66.84,59.0,36.7,4.3],[67.2,58.3,37.5,4.1],[67.49,57.6,38.2,4.2],[68.2,57.4,38.5,4.1],[68.27,58.1,38.0,3.9],[69.07,57.5,38.9,3.6],[69.39,56.9,39.3,3.8],[70.23,56.1,40.2,3.7],[70.98,55.6,40.6,3.9],[71.8,55.3,40.4,4.3],[72.0,55.1,41.0,3.8],[72.17,55.4,40.3,4.3],[72.46,54.8,40.7,4.5],[72.69,53.5,42.3,4.2],[72.8,54.1,41.5,4.4],[73.65,53.4,42.4,4.1],[73.91,52.6,43.1,4.3],[74.28,51.9,43.5,4.6],[75.02,51.9,43.6,4.4],[75.59,51.2,44.3,4.5],[76.29,50.9,44.8,4.3],[77.1,50.0,45.0,4.9],[77.82,49.5,45.5,5.0],[77.99,49.3,46.2,4.5],[78.42,49.7,45.4,5.0],[78.47,49.1,45.9,5.1],[78.96,48.6,46.5,4.9],[79.57,46.5,48.8,4.7],[79.73,47.9,47.2,4.9],[79.8,49.1,46.1,4.9],[80.11,48.1,46.9,5.0],[80.14,47.5,47.5,5.0],[80.52,46.6,48.3,5.1],[81.01,46.3,49.0,4.7],[81.46,45.7,49.7,4.6],[81.99,44.6,51.0,4.4],[82.22,57.5,37.4,5.2],[82.26,56.0,38.5,5.5],[82.28,44.7,50.8,4.5],[82.35,56.6,38.2,5.3],[82.36,44.4,50.9,4.7],[82.49,57.1,37.8,5.1],[82.49,44.4,50.8,4.8],[82.51,57.4,37.6,5.1],[82.54,44.6,50.6,4.8],[82.55,57.5,37.5,5.0],[82.57,44.5,50.9,4.7],[82.87,57.5,37.4,5.0],[82.9,44.1,51.0,4.9],[83.09,57.6,37.5,4.9],[83.1,43.3,51.7,4.9],[83.1,57.5,37.5,5.0],[83.1,43.0,52.1,4.9],[83.1,43.8,51.1,5.1],[83.1,57.5,37.5,5.0],[83.1,43.7,51.7,4.6],[83.24,57.7,37.5,4.9],[83.26,43.6,51.8,4.7],[83.4,57.8,37.4,4.9],[83.41,43.7,51.7,4.6],[83.52,57.9,37.3,4.8],[83.52,42.9,52.5,4.6],[83.55,58.4,37.1,4.5],[83.65,42.8,52.7,4.5],[83.86,58.8,36.8,4.4],[83.88,42.1,53.1,4.8],[83.89,58.4,36.9,4.7],[83.89,42.1,53.2,4.7],[83.96,58.6,36.6,4.8],[83.97,42.4,53.1,4.5],[84.03,41.6,53.9,4.4],[84.06,58.7,36.4,4.9],[84.13,41.4,54.2,4.3],[84.17,58.7,36.4,4.9],[84.17,41.7,54.1,4.2],[84.17,58.7,36.4,4.9],[84.17,41.6,54.2,4.3],[84.17,58.7,36.4,4.9],[84.17,41.3,54.4,4.3],[84.17,58.9,36.3,4.8],[84.27,41.2,54.6,4.1],[84.31,58.9,36.2,4.9],[84.59,40.7,54.8,4.4],[84.7,58.5,36.4,5.1],[84.74,40.7,55.1,4.3],[84.89,58.5,36.3,5.2],[84.91,39.7,56.1,4.2],[84.96,58.2,36.5,5.3],[84.99,39.2,56.4,4.3],[85.23,38.5,57.5,4.0],[85.24,38.1,58.1,3.8],[85.5,37.4,58.0,4.6],[85.53,57.8,36.7,5.4],[85.54,37.6,57.6,4.8],[85.62,57.7,36.8,5.5],[85.63,37.5,57.6,4.8],[85.68,57.8,36.6,5.6],[85.7,37.4,58.0,4.7],[85.83,57.9,36.4,5.7],[85.83,37.1,58.3,4.7],[86.0,57.8,36.5,5.7],[86.06,36.2,59.3,4.6],[86.29,57.5,36.6,5.8],[86.33,35.6,59.8,4.6],[86.37,57.4,36.6,5.9],[86.39,35.1,60.1,4.8],[86.46,57.5,36.6,5.9],[86.49,35.4,59.6,5.0],[86.51,57.5,36.6,5.9],[86.53,36.4,59.1,4.5],[86.53,57.6,36.3,6.1],[86.55,34.9,60.5,4.7],[86.58,36.3,59.2,4.5],[86.58,35.3,59.9,4.8],[86.58,57.5,36.6,5.9],[86.58,35.2,60.1,4.7],[86.58,57.6,36.5,5.9],[86.58,35.2,60.1,4.7],[86.58,57.6,36.5,6.0],[86.58,35.0,60.2,4.8],[87.06,34.7,61.1,4.2],[87.07,57.7,36.4,5.9],[87.1,35.0,61.0,4.0],[87.47,35.5,60.4,4.2],[87.57,57.8,36.4,5.9],[87.6,35.5,60.5,4.0],[87.76,34.7,61.2,4.0],[87.77,57.6,36.3,6.0],[87.77,34.4,61.5,4.1],[87.77,57.7,36.3,6.0],[87.8,34.5,61.5,4.1],[88.0,33.9,61.9,4.3],[88.26,33.3,62.7,4.0],[88.36,57.9,36.2,6.0],[88.45,32.9,63.3,3.8],[88.45,58.0,36.1,6.0],[88.46,32.9,63.3,3.8],[88.5,57.9,36.0,6.0],[88.51,32.8,63.4,3.8],[88.69,58.3,35.8,6.0],[88.98,30.4,65.7,3.9],[89.65,59.0,35.4,5.7],[89.67,30.4,65.6,4.0],[89.72,58.8,35.4,5.8],[89.73,30.4,65.7,3.9],[89.8,59.0,35.2,5.8],[89.85,29.4,66.4,4.2],[89.94,27.6,68.6,3.8],[90.0,57.8,35.5,6.6],[90.0,57.4,36.3,6.3],[90.0,56.7,36.2,7.1],[90.0,55.7,37.1,7.2],[90.0,57.6,36.2,6.1],[90.0,55.2,38.0,6.8],[90.0,57.6,36.0,6.3],[90.0,58.5,36.1,5.4],[90.0,59.5,35.8,4.8],[90.0,53.3,39.8,6.9],[90.0,54.9,38.3,6.8],[90.0,55.6,37.6,6.8],[90.0,56.8,37.1,6.2],[90.0,57.9,36.4,5.7],[90.0,56.7,37.1,6.2],[90.0,56.0,37.6,6.4],[90.01,28.4,68.3,3.3],[90.07,59.4,34.8,5.8],[90.17,28.8,68.2,3.0],[90.2,57.0,37.0,6.0],[90.21,27.0,70.1,2.9],[90.29,59.5,34.5,6.0],[90.29,28.5,68.4,3.0],[90.31,57.0,37.3,5.7],[90.34,28.1,68.6,3.3],[90.42,57.1,37.5,5.4],[90.44,28.0,68.7,3.3],[90.47,26.9,69.7,3.4],[90.47,57.3,37.4,5.3],[90.51,59.5,34.5,6.0],[90.53,26.4,70.3,3.3],[90.57,57.8,37.1,5.1],[90.57,59.6,34.4,6.0],[90.57,25.9,70.7,3.4],[90.64,59.7,34.4,6.0],[90.65,25.8,70.8,3.3],[90.68,59.7,34.3,5.9],[90.71,58.7,36.8,4.6],[90.74,25.8,70.9,3.4],[90.84,57.9,37.2,5.0],[90.86,25.4,71.0,3.6],[90.9,57.7,37.1,5.2],[90.92,59.9,34.2,5.8],[90.94,25.9,70.7,3.4],[90.98,57.6,37.3,5.1],[90.98,25.7,70.9,3.4],[91.07,24.9,71.8,3.2],[91.12,57.4,37.5,5.1],[91.24,26.0,70.7,3.3],[91.24,60.1,34.2,5.7],[91.27,25.9,70.7,3.4],[91.27,60.2,34.2,5.7],[91.3,26.1,70.4,3.5],[91.3,60.3,34.1,5.7],[91.35,26.0,70.4,3.6],[91.37,57.9,37.2,4.9],[91.43,60.0,34.2,5.7],[91.48,57.3,37.6,5.1],[91.49,25.8,70.6,3.6],[91.51,60.0,34.3,5.7],[91.53,25.6,70.7,3.6],[91.6,25.0,71.5,3.5],[91.6,60.2,34.2,5.6],[91.61,24.7,71.8,3.5],[91.64,60.3,34.2,5.5],[91.67,24.5,72.0,3.5],[91.68,58.0,37.5,4.6],[91.73,60.6,34.0,5.3],[91.74,24.0,72.4,3.6],[91.75,58.1,37.2,4.7],[91.77,60.4,34.2,5.4],[91.83,57.8,37.4,4.9],[91.84,24.0,72.5,3.5],[91.84,60.6,33.9,5.5],[91.97,24.0,72.5,3.6],[91.98,92.9,6.3,0.8],[91.98,91.9,7.1,1.0],[91.98,90.6,8.3,1.1],[92.0,23.8,72.6,3.6],[92.13,59.8,34.1,6.1],[92.16,23.4,73.3,3.3],[92.21,60.0,34.0,6.0],[92.23,22.7,73.7,3.5],[92.26,59.9,34.2,5.9],[92.35,22.4,74.1,3.5],[92.38,60.1,34.0,5.9],[92.41,22.8,73.7,3.5],[92.43,60.4,33.8,5.8],[92.46,23.1,73.3,3.6],[92.46,59.9,34.0,6.0],[92.5,23.0,73.5,3.5],[92.76,59.7,34.0,6.2],[92.83,22.3,74.2,3.4],[92.84,59.7,34.1,6.2],[92.88,22.2,74.3,3.4],[93.09,59.2,34.3,6.5],[93.2,21.2,75.3,3.5],[93.21,59.3,34.2,6.5],[93.25,21.0,75.5,3.5],[93.28,19.7,76.6,3.7],[93.35,59.3,34.2,6.5],[93.37,19.6,76.9,3.5],[93.4,59.1,34.4,6.5],[93.42,58.2,34.9,6.9],[93.46,57.7,35.8,6.5],[93.51,19.5,77.3,3.2],[93.67,58.2,34.9,6.9],[93.67,59.1,34.4,6.5],[93.69,19.1,77.5,3.4],[93.77,90.6,8.3,1.1],[93.81,18.8,78.2,3.0],[93.9,59.1,34.4,6.5],[93.94,20.1,77.3,2.6],[93.99,20.7,76.6,2.7],[94.02,93.3,6.1,0.7],[94.03,17.7,79.5,2.8],[94.03,58.1,35.0,6.9],[94.06,17.8,79.6,2.6],[94.31,18.8,79.0,2.2],[94.39,19.8,78.2,2.0],[94.44,93.1,6.2,0.7],[94.47,57.9,35.1,7.0],[94.48,19.7,78.2,2.1],[94.65,18.5,79.1,2.4],[94.75,19.3,78.0,2.7],[94.82,57.9,35.1,7.0],[94.82,19.7,77.4,3.0],[94.93,57.9,35.1,7.0],[94.96,20.0,77.3,2.7],[95.05,91.8,7.5,0.7],[95.1,15.5,82.4,2.1],[95.11,18.1,79.4,2.6],[95.14,60.4,33.7,6.0],[95.14,17.5,79.5,3.0],[95.17,92.4,6.8,0.8],[95.2,14.8,82.2,3.0],[95.2,16.7,80.2,3.1],[95.2,58.8,34.6,6.7],[95.23,16.5,80.4,3.1],[95.3,15.7,81.4,2.8],[95.34,58.2,34.9,6.8],[95.38,15.4,81.9,2.7],[95.47,57.4,35.4,7.1],[95.6,14.7,82.7,2.6],[95.76,57.7,35.2,7.1],[95.8,14.4,83.1,2.5],[95.88,57.6,35.2,7.2],[95.97,11.2,86.7,2.0],[95.97,12.5,85.2,2.4],[95.97,93.0,5.7,1.3],[96.05,91.6,7.5,1.0],[96.17,57.7,35.1,7.2],[96.36,93.6,5.7,0.7],[96.73,57.9,35.2,6.8],[96.8,93.5,5.7,0.7],[97.19,4.1,95.1,0.8],[97.27,58.3,35.1,6.6],[97.5,93.2,6.0,0.8],[98.0,91.9,7.2,0.9],[99.64,89.4,9.3,1.3],[99.95,92.1,7.1,0.9],[100.9,92.9,6.2,0.8],[102.73,41.0,51.5,7.5],[102.73,40.7,53.2,6.1],[102.73,41.0,54.5,4.5],[102.73,41.3,52.5,6.2],[104.57,41.4,52.8,5.8],[104.64,41.4,52.1,6.6],[105.0,39.4,52.6,8.1],[105.0,39.1,51.4,9.4],[105.0,38.5,52.2,9.3],[105.0,37.6,53.9,8.5],[105.0,38.0,54.2,7.8],[105.0,37.1,55.1,7.8],[105.0,38.2,54.4,7.5],[105.01,41.3,52.1,6.5],[105.03,37.6,54.7,7.7],[105.11,41.8,51.9,6.3],[105.23,37.2,55.0,7.8],[105.5,39.4,51.7,8.8],[105.54,41.8,51.9,6.4],[105.61,37.0,55.4,7.6],[105.78,42.0,51.7,6.3],[105.83,37.4,55.0,7.6],[106.02,42.5,49.8,7.8],[106.19,36.9,55.4,7.7],[106.22,42.8,50.5,6.8],[106.27,36.6,55.8,7.6],[106.45,42.5,50.3,7.2],[106.56,36.7,56.0,7.3],[106.57,40.4,51.3,8.3],[106.58,42.9,50.0,7.1],[106.61,36.4,56.5,7.1],[106.73,35.8,57.1,7.0],[106.8,42.8,50.1,7.1],[106.88,36.5,56.4,7.1],[107.01,42.6,50.3,7.1],[107.06,36.3,56.8,6.8],[107.25,41.2,51.5,7.3],[107.29,35.9,57.2,6.8],[107.51,36.7,56.5,6.8],[107.62,41.6,51.3,7.1],[107.69,36.4,56.6,6.9],[107.79,41.4,51.4,7.2],[107.86,35.7,57.7,6.7],[108.04,40.3,52.0,7.6],[108.05,36.2,57.3,6.5],[108.67,35.2,58.5,6.3],[108.82,34.4,59.4,6.2],[109.42,33.8,60.1,6.2],[109.52,34.4,59.7,5.9],[109.67,33.8,60.3,6.0],[109.87,33.4,61.0,5.6],[109.99,32.6,61.9,5.5],[110.29,32.2,62.8,5.0],[110.48,93.7,5.7,0.7],[110.48,92.4,6.8,0.8],[113.22,91.8,7.6,0.5],[114.58,93.2,6.1,0.8],[114.81,95.1,4.3,0.6],[114.92,90.7,8.3,1.0],[115.52,92.5,6.7,0.8],[115.53,89.8,9.3,1.0],[115.74,92.9,6.4,0.7],[116.83,93.3,5.8,0.9],[118.12,91.7,7.8,0.6],[118.18,94.3,4.9,0.8],[118.37,92.2,7.2,0.6],[118.37,95.0,4.3,0.8],[119.6,95.4,3.8,0.7],[119.7,96.2,3.2,0.6],[119.7,96.2,3.2,0.6]],"poss":[[0.0,0.608],[2.24,0.572],[4.48,0.431],[6.71,0.51],[8.95,0.581],[11.19,0.729],[13.43,0.805],[15.67,0.774],[17.9,0.591],[20.14,0.527],[22.38,0.573],[24.62,0.765],[26.85,0.818],[29.09,0.804],[31.33,0.73],[33.57,0.642],[35.81,0.588],[38.04,0.62],[40.28,0.751],[42.52,0.835],[44.76,0.82],[47.0,0.705],[49.23,0.657],[51.47,0.595],[53.71,0.558],[55.95,0.482],[58.18,0.465],[60.42,0.596],[62.66,0.707],[64.9,0.83],[67.14,0.835],[69.37,0.771],[71.61,0.594],[73.85,0.472],[76.09,0.495],[78.33,0.653],[80.56,0.775],[82.8,0.86],[85.04,0.891],[87.28,0.869],[89.52,0.757],[91.75,0.59],[93.99,0.488],[96.23,0.468],[98.47,0.48],[100.7,0.419],[102.94,0.402],[105.18,0.528],[107.42,0.701],[109.66,0.767],[111.89,0.564],[114.13,0.319],[116.37,0.143],[118.61,0.151],[120.85,0.219],[123.08,0.269]],"danger":[[0.0,0.583],[2.24,0.538],[4.48,0.384],[6.71,0.473],[8.95,0.577],[11.19,0.754],[13.43,0.856],[15.67,0.84],[17.9,0.668],[20.14,0.632],[22.38,0.69],[24.62,0.881],[26.85,0.907],[29.09,0.882],[31.33,0.829],[33.57,0.754],[35.81,0.684],[38.04,0.656],[40.28,0.757],[42.52,0.824],[44.76,0.831],[47.0,0.709],[49.23,0.663],[51.47,0.593],[53.71,0.51],[55.95,0.377],[58.18,0.345],[60.42,0.546],[62.66,0.752],[64.9,0.916],[67.14,0.921],[69.37,0.893],[71.61,0.785],[73.85,0.646],[76.09,0.606],[78.33,0.696],[80.56,0.827],[82.8,0.913],[85.04,0.939],[87.28,0.928],[89.52,0.831],[91.75,0.646],[93.99,0.519],[96.23,0.463],[98.47,0.455],[100.7,0.36],[102.94,0.314],[105.18,0.483],[107.42,0.702],[109.66,0.81],[111.89,0.548],[114.13,0.263],[116.37,0.057],[118.61,0.073],[120.85,0.134],[123.08,0.175]],"events":[{"m":4.17,"s":"a","t":"freekick","ft":"Attack"},{"m":6.85,"s":"a","t":"block"},{"m":9.27,"s":"a","t":"freekick","ft":"Attack"},{"m":14.12,"s":"h","t":"miss"},{"m":14.17,"s":"h","t":"corner"},{"m":16.07,"s":"h","t":"freekick","ft":"Danger"},{"m":17.77,"s":"h","t":"save"},{"m":28.0,"s":"h","t":"goal"},{"m":31.25,"s":"a","t":"freekick","ft":"Safe"},{"m":33.22,"s":"h","t":"freekick","ft":"Safe"},{"m":35.25,"s":"a","t":"offside"},{"m":37.08,"s":"a","t":"miss"},{"m":39.12,"s":"h","t":"freekick","ft":"Safe"},{"m":40.73,"s":"a","t":"offside"},{"m":41.48,"s":"h","t":"freekick","ft":"Safe"},{"m":42.23,"s":"h","t":"freekick","ft":"Safe"},{"m":42.53,"s":"a","t":"freekick","ft":"Safe"},{"m":44.27,"s":"h","t":"save"},{"m":46.68,"s":"a","t":"freekick","ft":"Safe"},{"m":47.72,"s":"a","t":"corner"},{"m":48.27,"s":"a","t":"block"},{"m":48.33,"s":"a","t":"corner"},{"m":49.02,"s":"a","t":"miss"},{"m":49.47,"s":"a","t":"freekick","ft":"Safe"},{"m":52.23,"s":"a","t":"freekick","ft":"Safe"},{"m":53.08,"s":"a","t":"save"},{"m":57.3,"s":"a","t":"freekick","ft":"Safe"},{"m":58.68,"s":"a","t":"goal"},{"m":62.22,"s":"h","t":"save"},{"m":62.27,"s":"h","t":"corner"},{"m":66.25,"s":"h","t":"miss"},{"m":67.67,"s":"h","t":"freekick","ft":"Danger"},{"m":67.7,"s":"a","t":"yc"},{"m":68.7,"s":"h","t":"block"},{"m":70.98,"s":"h","t":"freekick","ft":"Danger"},{"m":72.2,"s":"h","t":"save"},{"m":72.32,"s":"h","t":"corner"},{"m":76.42,"s":"a","t":"freekick","ft":"Attack"},{"m":77.33,"s":"a","t":"miss"},{"m":77.68,"s":"h","t":"freekick","ft":"Safe"},{"m":78.42,"s":"h","t":"freekick","ft":"Safe"},{"m":80.52,"s":"h","t":"corner"},{"m":83.1,"s":"h","t":"corner"},{"m":83.88,"s":"a","t":"freekick","ft":"Safe"},{"m":85.88,"s":"h","t":"offside"},{"m":86.43,"s":"h","t":"block"},{"m":86.58,"s":"h","t":"corner"},{"m":89.12,"s":null,"t":"var"},{"m":91.37,"s":"h","t":"corner"},{"m":91.98,"s":"h","t":"goal"},{"m":93.28,"s":"h","t":"freekick","ft":"Danger"},{"m":94.77,"s":"h","t":"save"},{"m":94.82,"s":"h","t":"save"},{"m":94.93,"s":"a","t":"freekick","ft":"Safe"},{"m":95.17,"s":"a","t":"corner"},{"m":95.57,"s":"a","t":"freekick","ft":"Attack"},{"m":95.67,"s":"a","t":"corner"},{"m":96.05,"s":"a","t":"corner"},{"m":96.58,"s":"a","t":"block"},{"m":97.62,"s":"h","t":"freekick","ft":"Safe"},{"m":97.92,"s":"h","t":"block"},{"m":97.95,"s":"h","t":"block"},{"m":98.0,"s":"h","t":"corner"},{"m":98.82,"s":"h","t":"block"},{"m":102.73,"s":"a","t":"goal"},{"m":105.93,"s":"h","t":"save"},{"m":106.68,"s":"h","t":"freekick","ft":"Danger"},{"m":107.77,"s":"a","t":"miss"},{"m":108.83,"s":"a","t":"offside"},{"m":109.38,"s":"h","t":"freekick","ft":"Safe"},{"m":110.02,"s":"h","t":"corner"},{"m":110.48,"s":"h","t":"goal"},{"m":114.52,"s":"a","t":"freekick","ft":"Danger"},{"m":114.58,"s":"h","t":"yc"},{"m":115.5,"s":"a","t":"save"},{"m":115.53,"s":"a","t":"corner"},{"m":118.35,"s":"a","t":"save"},{"m":118.37,"s":"a","t":"corner"},{"m":119.05,"s":"h","t":"offside"},{"m":120.22,"s":"a","t":"block"},{"m":120.33,"s":"a","t":"corner"},{"m":121.02,"s":"a","t":"block"},{"m":121.62,"s":"a","t":"miss"}]};
